,geoid,water,urban,barren,forest,scrub,grass,agland,wetland,total
1,1001,1.379482772,6.042625361,0.1635493021,49.54426258,7.699145327,6.101443197,18.69260796,10.3768835,100
2,1003,20.90259554,6.722632667,0.5085456337,26.13506005,4.753327384,4.21892699,12.90605795,23.85285379,100
3,1005,2.359887896,3.840788585,0.1820408154,58.36982661,9.59168103,4.660989778,12.76520421,8.229581076,100
4,1007,0.5982383193,4.85331212,0.110968501,69.12490864,8.857648359,5.126165392,5.255182987,6.073575681,100
5,1009,1.146900654,7.111285304,0.2152171768,53.95392241,2.888581385,3.056286544,31.10858709,0.5192194378,100
6,1011,1.136991485,2.722517823,0.08650354888,55.62747442,9.26118156,3.098947782,15.84270641,12.22367697,100
7,1013,0.3997442985,3.991054884,0.04946342169,63.24277756,6.715580002,7.454958342,8.450082535,9.696338953,100
8,1015,0.7378450264,14.9276622,0.2243662804,60.18945223,3.213491309,3.656994151,16.19154866,0.8586401482,100
9,1017,1.371317893,5.934623163,0.1278035651,65.85640164,5.39480388,4.288972764,12.14668058,4.879396514,100
10,1019,6.734113916,5.539568345,0.2774096089,51.26862951,4.516689143,5.177888261,24.78246526,1.703235963,100
11,1021,1.116766721,5.782140755,0.2579480267,58.66971597,6.55360515,5.111118933,16.65105824,5.857646203,100
12,1023,0.7834376133,3.047032638,0.1270052317,60.85265358,6.880668598,8.070899823,3.190770903,17.04753161,100
13,1025,1.070115783,2.977353719,0.1549958821,59.77412585,8.872028713,5.775526422,1.938448142,19.43740549,100
14,1027,0.3275848718,4.221605917,0.1010115495,76.07150539,4.361507774,4.164933907,9.747757928,1.00409266,100
15,1029,0.3907036417,4.178259396,0.0911579308,80.55566323,3.170207738,3.353523961,7.92736376,0.3331203397,100
16,1031,0.8593497498,6.139410626,0.07982890737,46.80592319,8.04937221,2.39885611,25.59925377,10.06800543,100
17,1033,5.13653116,7.660932089,0.3132553579,47.46483457,4.901770441,2.38827309,27.95193525,4.182468047,100
18,1035,0.3425603692,3.116532832,0.1424431355,59.05794874,10.13465488,5.955639723,8.755108482,12.49511184,100
19,1037,2.378232217,3.088939526,0.1206055085,78.63833566,4.32360845,6.64372695,4.038251856,0.7682998272,100
20,1039,1.103594783,5.484215103,0.06410194763,54.89540903,6.546390676,4.422404311,16.83646111,10.64742304,100
21,1041,0.543613049,3.830436819,0.01578768492,57.60179899,7.138329973,6.816663069,13.41637464,10.63699577,100
22,1043,2.392038648,9.492930086,0.1652285242,46.71656925,2.07256328,2.20475525,36.2377131,0.7182018597,100
23,1045,0.715007739,7.768826949,0.05493397406,47.01698623,9.740820521,2.409547624,20.17072836,12.12314861,100
24,1047,2.292689649,4.773384175,0.1737012959,38.94980315,5.092528472,3.507098588,20.85950569,24.35128898,100
25,1049,0.4493404971,8.784995081,0.09704611967,43.47416181,2.698810627,3.335815286,41.0064495,0.1533810797,100
26,1051,5.862086228,8.190616214,0.2793477144,52.70560461,4.4570742,4.313632495,17.93616791,6.255470625,100
27,1053,0.5900162153,4.722645705,0.5003159564,45.44010922,9.093564298,5.684954459,13.71458617,20.25380798,100
28,1055,2.646866985,15.29785011,0.143748219,50.10246018,2.997055378,2.589177722,24.17705728,2.045784124,100
29,1057,0.2516758622,4.784434273,0.1214245008,64.107392,7.711145401,5.444628276,7.861864045,9.717435643,100
30,1059,1.887131521,5.719651616,0.2596354804,57.67528614,6.136838627,3.076680442,22.86642935,2.37834683,100
31,1061,1.072647342,5.694776766,0.02769874149,28.9960564,6.641723719,1.90747172,37.64989153,18.00973378,100
32,1063,3.277409964,3.162185846,0.02043279611,36.76218121,3.390474947,3.048962878,17.66594274,32.67240962,100
33,1065,3.696837566,3.739602561,0.1158793433,39.3576443,4.971298109,2.915076465,24.85070719,20.35295447,100
34,1067,1.426531601,4.509366361,0.1366010594,46.85073302,8.937200879,3.033646127,27.24021143,7.86570952,100
35,1069,0.6193430546,11.14644847,0.04619919354,21.42047041,5.141982148,1.170161274,42.46962076,17.9857747,100
36,1071,4.192985734,4.728307077,0.07525018142,57.96964467,2.468489565,1.934308842,25.62948426,3.001529666,100
37,1073,1.131474671,29.1243635,0.6710433277,56.83883975,3.474695462,3.637961526,4.335617593,0.7860041745,100
38,1075,0.2313034495,5.053205533,0.02795155829,55.38586925,9.013487918,5.940136601,7.771164553,16.57688113,100
39,1077,6.730617206,8.776976254,0.03040875772,35.79959513,2.493809126,1.43507997,40.6103382,4.123175353,100
40,1079,3.198199406,5.14646892,0.05808523557,38.3141626,1.095377322,1.180822606,41.05650752,9.950376384,100
41,1081,1.951054751,13.54387575,0.2740419668,58.72933619,5.17493858,4.260957873,11.71489937,4.350895514,100
42,1083,6.32927159,8.922328264,0.037711135,22.73740365,0.66462288,0.8354422678,52.57517689,7.898043326,100
43,1085,1.375239057,3.025391212,0.09583949771,45.11143988,5.10075897,3.856144529,27.68832918,13.74685767,100
44,1087,1.065212067,4.483948282,0.6798780643,52.11540561,7.374405835,2.005128359,14.17273394,18.10328784,100
45,1089,0.9863556894,22.6638961,0.1307741019,29.84435118,0.5308790614,0.7899181035,37.41670328,7.637122493,100
46,1091,1.042374818,3.369250049,0.1730431611,45.66242497,6.044446936,5.056642629,16.62473939,22.02707804,100
47,1093,0.4779265656,6.486805943,0.2043059103,62.56938471,9.236259728,4.703840391,13.10692382,3.214552925,100
48,1095,9.246715893,11.00067045,0.1239701658,40.00544949,1.584816962,2.011109264,35.06478897,0.9624788154,100
49,1097,25.12848011,12.02222732,0.5607868127,27.09720608,4.497772842,4.033768345,8.036595999,18.62316249,100
50,1099,0.8687241872,3.431646472,0.121811004,55.22410411,7.844347246,4.995758726,9.635330819,17.87827744,100
51,1101,2.297780534,14.56996035,0.4350432118,29.27275666,2.50832446,2.556908185,30.35499058,18.00423602,100
52,1103,2.974058527,12.27816401,0.198116766,39.17901796,0.845817285,1.540927406,36.32873195,6.655166089,100
53,1105,1.293316525,3.287658837,0.08630453419,54.24526372,6.603476152,2.801455769,18.43403239,13.24849208,100
54,1107,1.464626216,4.054994377,0.06402972669,53.64846233,5.697237569,4.131892632,11.93245001,19.00630714,100
55,1109,0.8546686844,4.768325286,0.04980755002,52.28333587,7.099380499,4.613746574,18.97250015,11.35823539,100
56,1111,2.932025181,5.854030577,0.1670946687,65.59447096,4.090666098,5.69265308,15.03056329,0.6384961362,100
57,1113,1.566488713,6.724115301,0.1718637412,57.93174202,9.434987236,2.772749311,10.54577988,10.85227379,100
58,1115,3.40878231,8.716623381,0.3393264171,61.44082727,4.336416235,3.958719626,15.06981302,2.729491744,100
59,1117,2.277114192,14.3017277,0.5961339383,58.79285771,5.468511894,4.447792736,11.02155504,3.094306786,100
60,1119,1.859341093,3.059547476,0.1696207718,43.05931985,4.188316615,4.128791903,19.37857566,24.15648664,100
61,1121,2.646724732,9.585232989,0.4211913437,58.27637792,4.208440824,4.21479205,18.38501586,2.262224281,100
62,1123,6.341312218,5.605913324,0.1492126853,70.24872411,4.985509851,5.067286389,5.78367065,1.818370768,100
63,1125,2.057798254,8.99275232,0.4730016284,60.08393239,6.8212705,4.163343092,6.771240495,10.63666132,100
64,1127,1.402383626,7.029157338,0.6696301275,67.28241701,5.480719293,5.726726304,9.620045196,2.788921108,100
65,1129,1.0020479,2.847226931,0.2337591806,47.81860313,6.41760156,6.861944559,3.89024556,30.92857118,100
66,1131,2.306400316,2.933939369,0.126457293,55.21803833,7.065451891,4.624133166,7.46312428,20.26245535,100
67,1133,2.778156348,5.258548372,0.1564837313,70.32189931,4.051419186,3.806540064,12.28533033,1.341622664,100
68,4001,0.07352924554,0.7990231694,0.8047740774,26.32041018,62.96546238,8.712102267,0.006692359837,0.3180063222,100
69,4003,0.02337970466,1.721660903,0.9829303587,6.342762552,71.21692563,15.75345384,3.734258694,0.224628316,100
70,4005,0.1280129841,0.8389455918,1.947451564,23.49541425,61.15863355,12.15409963,0.001109256023,0.2763331703,100
71,4007,0.5404298913,0.9834058057,0.2943104305,34.97971206,60.34747334,2.516773942,0.008018548562,0.3298759892,100
72,4009,0.02951998421,0.6968125915,0.2797237823,15.80259416,72.60267286,8.0223875,1.835847593,0.7304415296,100
73,4011,0.02332765525,0.7907717976,0.9801750646,38.73148309,56.21244971,2.719767754,0.3085792011,0.2334457296,100
74,4012,0.2486027124,0.998285998,15.28652062,0.06385905615,75.29018159,2.655247074,4.595016944,0.8622860078,100
75,4013,0.3115352742,11.865994,3.315463349,0.3901992878,67.90429849,10.09423135,5.235787192,0.882491055,100
76,4015,0.6677068474,1.385152306,1.57461122,8.577890753,84.93088628,2.276606763,0.1902357978,0.3969100375,100
77,4017,0.03052100152,0.9385713744,1.015128511,14.97239995,70.07793564,12.54852665,0.05410763149,0.3628092493,100
78,4019,0.03193173164,3.815221309,1.013285651,1.705562415,82.87915762,9.383580967,0.4858974177,0.6853628885,100
79,4021,0.06821093903,3.276959646,0.9440160983,0.7970972427,74.95284611,8.719959602,10.37265759,0.8682527716,100
80,4023,0.03405261423,2.423621247,0.005269046482,10.64582815,54.8819117,31.3204735,0.2630879751,0.4257557718,100
81,4025,0.1089406455,1.651027896,0.1024237787,16.01189035,77.10606758,4.692562858,0.08813795211,0.2389489324,100
82,4027,0.1128069488,1.876836553,18.94273103,0.004087527762,69.22331556,3.759914617,5.493561734,0.5867460306,100
83,5001,4.104458105,3.761769248,0.2171546838,3.992764191,0.02754647378,0.01916859246,55.26811231,32.6090264,100
84,5003,1.849955163,5.114501736,0.1242317489,36.81050827,5.811407952,2.366334817,23.56372698,24.35933333,100
85,5005,5.897402559,7.332466535,1.293283295,67.02502881,0.8280488165,1.600957419,15.98800272,0.03480984604,100
86,5007,4.364898767,13.78858637,0.2196997868,43.01541197,0.5121616299,0.9464957393,37.03879242,0.1139533121,100
87,5009,2.000203348,5.820369908,0.2959519914,48.80608241,1.069482572,2.19898742,39.74231438,0.06660797308,100
88,5011,0.7236857831,4.590124749,0.0500375813,42.41264007,8.380391855,5.819020124,3.431770677,34.59232916,100
89,5013,0.6405906478,5.024476513,0.08281650919,49.33279369,3.584536079,5.597978089,2.486419962,33.25038851,100
90,5015,1.474828049,5.355608067,0.1337093296,53.04865975,0.5734052252,2.154852593,37.18631617,0.07262081166,100
91,5017,8.768749914,3.236317514,0.1649246961,1.042950915,0.0299217622,0.01009225539,67.58119067,19.16585227,100
92,5019,2.049740312,4.329669167,0.1294094789,58.41489382,4.939279825,6.492983376,10.77783113,12.86619289,100
93,5021,0.8646147371,4.350933073,0.03105104543,10.58737867,0.08071107976,0.06989190017,72.80626257,11.20915692,100
94,5023,6.494599136,5.577996367,0.4009990336,62.01030268,2.363252284,2.887016908,19.90833972,0.3574938676,100
95,5025,0.3442453984,3.85246393,0.01658663373,51.22872037,3.818010291,3.63509173,4.001801832,33.10307982,100
96,5027,0.6781090697,4.634702133,0.05275336873,67.45542069,5.817471536,5.180633954,3.386612578,12.79429667,100
97,5029,2.348288669,5.631313953,0.271723619,43.57312569,3.284559752,2.850612161,37.23963912,4.800737036,100
98,5031,0.9894863422,9.27572796,0.1258540093,6.661540905,0.06509522125,0.112747262,75.77804868,6.991499617,100
99,5033,2.286677485,6.792804345,0.1291563189,60.22665148,0.4841921768,0.8019558944,27.62798832,1.650573974,100
100,5035,3.908022408,6.73888658,0.2208374498,0.1069098876,0.001589941918,0.5098779254,76.96212539,11.55175042,100
101,5037,1.380108996,4.020560158,0.1170321713,9.76278243,0.1565451791,0.08616961014,76.63620407,7.840597383,100
102,5039,0.1601058922,4.73912402,0.02394835052,59.91742235,7.02980193,6.904605564,1.993791091,19.2312008,100
103,5041,8.432045974,2.971368092,0.4843961201,0.1646249713,0.0145794901,0.001997772696,57.11593883,30.81504875,100
104,5043,0.6886019295,4.107951878,0.03835802527,40.41696346,6.33719803,3.623242116,18.91000395,25.87768061,100
105,5045,2.505795313,9.595163303,0.3440271493,38.49857546,1.07083032,2.128098535,42.44823753,3.409272396,100
106,5047,1.790364272,4.423527322,0.1565880223,54.24594661,1.371522226,1.752144655,35.78536537,0.4745415192,100
107,5049,0.5248020707,4.622284378,0.9562960267,57.58966747,0.9576978914,2.034778581,33.26243636,0.05203721783,100
108,5051,7.623896464,10.5508037,0.4047627769,67.62991867,2.682926945,3.702088127,7.306469973,0.09913334434,100
109,5053,0.3085818888,5.432181905,0.04825876349,49.76668533,5.304625219,5.820061716,5.408107363,27.91149781,100
110,5055,1.786318331,6.070093663,0.2207437876,20.1000617,0.1839731839,0.184153432,66.30677138,5.147884519,100
111,5057,1.889502388,4.802099829,0.09570454394,48.32033645,4.268171662,3.871688049,26.34296623,10.40953085,100
112,5059,1.360479338,6.21058567,0.3229834727,62.94892667,5.284580732,6.331613841,13.84974994,3.691080335,100
113,5061,1.391600212,6.152163117,0.3076401774,48.01230328,9.32189328,8.527874215,22.10048842,4.186037305,100
114,5063,1.278461146,5.064231451,0.4311660527,48.65423247,0.80497536,1.203591235,39.97161877,2.591723521,100
115,5065,0.6824700743,4.907335533,0.7949430358,65.8695148,1.185433065,1.958189168,24.56679273,0.03532159812,100
116,5067,1.589747964,4.571017991,0.06607529993,6.631066619,0.03962358672,0.09166328373,76.1698675,10.84093775,100
117,5069,3.777849151,8.166166759,0.1573929397,20.56721584,1.488002594,1.68276494,49.13449105,15.02611672,100
118,5071,2.509453736,4.676658312,0.08285067426,66.91900392,1.491261214,1.6793684,21.39472261,1.246681135,100
119,5073,3.743083619,3.691403212,0.2684333662,50.51232806,3.20240752,2.775314035,25.33946218,10.46756801,100
120,5075,1.14406676,4.606915326,0.2922657941,23.12285069,0.1398983596,0.5593603714,63.86368854,6.270954164,100
121,5077,2.879263069,3.024381714,0.1386033416,4.243300374,0.01208393939,0.05535223848,71.97077357,17.67624175,100
122,5079,1.782358323,3.528492057,0.1283833225,24.18880425,2.584000665,2.436028338,47.54878265,17.80315039,100
123,5081,5.175920439,3.879784517,0.5521959104,34.67020384,3.348715567,3.380806372,31.66888202,17.32349133,100
124,5083,3.080375367,4.333773396,0.3588300042,56.28210301,2.384757908,2.779489833,29.72447286,1.056197622,100
125,5085,4.075186113,6.308887571,0.2733946269,9.103885641,0.06947124996,0.434314048,65.1735745,14.56128625,100
126,5087,0.06456765301,4.084668779,0.02740611648,67.11191616,0.8221834945,1.741053122,26.08958948,0.05861519332,100
127,5089,7.596602965,4.565315892,0.5510689301,64.69318608,1.050136883,2.011882985,19.49644995,0.03535631276,100
128,5091,2.513990048,7.023732951,0.2500512265,29.57578952,3.07244144,2.884026416,40.29533877,14.38462963,100
129,5093,2.56108125,6.242273669,0.2631464175,0.0212427098,0,0.0212427098,83.38966725,7.501345998,100
130,5095,2.731489944,3.274758285,0.03381802104,1.397941964,0.01665747152,0.001285643775,54.45478363,38.08926504,100
131,5097,2.446336522,4.060939365,0.1544135977,78.41856108,2.31991957,2.103680047,10.38930459,0.1068452231,100
132,5099,0.3657825419,3.943374699,0.06947163805,57.84125195,6.485935233,5.366669953,11.45515755,14.47235643,100
133,5101,0.08471073326,3.992120881,0.016882611,84.69100144,0.7941205988,1.264920061,9.116524887,0.03971878758,100
134,5103,1.217557694,5.816048192,0.2223798298,51.37855338,3.940304328,3.830380066,2.474584995,31.12019152,100
135,5105,1.948847631,4.417710261,0.1548268734,66.38539991,5.276323822,4.468162252,14.63981679,2.708912462,100
136,5107,4.467215808,3.819317687,0.2325640523,3.326078499,0.03070152505,0.0291664488,72.33327273,15.76168325,100
137,5109,1.969495603,5.273579883,0.221882186,59.63590866,8.994552664,9.702757419,11.69645835,2.505365231,100
138,5111,1.730351183,4.669339397,0.1636634432,4.023002872,0.05040343198,0.02854225003,78.79819857,10.53649886,100
139,5113,0.3752784987,4.575393201,0.1324630803,72.76347225,4.192180611,4.850790751,13.07804085,0.03238075906,100
140,5115,2.707550219,5.791702525,0.2103048547,64.55102867,1.162167255,2.04344276,22.28911177,1.244691945,100
141,5117,5.261406597,3.747898477,0.2442884084,8.760748047,0.03774898775,0.2380654827,61.04607897,20.66376503,100
142,5119,5.406013058,22.50339837,0.5720906749,36.83358578,1.800939891,2.070910417,21.82156743,8.991494375,100
143,5121,1.048980385,4.057590372,0.1246839093,47.02479128,0.4939033392,1.083231289,41.08903005,5.077789378,100
144,5123,1.694668302,4.713311564,0.0470392554,8.192906786,0.1200537841,0.0382535012,70.49389035,14.69987645,100
145,5125,1.195343551,10.90184122,0.3484398404,63.88875024,4.605490518,6.771379256,8.362698778,3.926056597,100
146,5127,0.4215332527,3.633992745,0.05985973398,79.04162515,1.92294075,2.3092237,12.47783313,0.1329915357,100
147,5129,0.1795765763,4.015006772,0.2656826948,69.01426004,1.807044016,2.260234114,22.43285834,0.02533744638,100
148,5131,2.121174347,13.01312177,0.2238110394,47.34081226,1.81402739,7.075769876,26.17937408,2.23190924,100
149,5133,2.909992976,4.994270275,0.2164829079,44.69928534,6.908333993,6.380192413,20.73105535,13.16038674,100
150,5135,0.4675081005,4.77172127,0.5118760789,69.58156785,1.002577843,1.759314391,21.81133282,0.09410165517,100
151,5137,0.4878068345,3.935857469,0.2954686217,76.79055875,1.990187715,1.918397491,14.54826303,0.03346008825,100
152,5139,0.9832510768,6.01386714,0.07080727553,52.80784172,5.326086311,6.144362375,1.60128047,27.05250363,100
153,5141,1.703776378,4.891445215,0.2750828945,71.72694075,3.119702098,2.16269586,16.02066266,0.09969414968,100
154,5143,0.7146382579,10.14780468,0.2029531644,51.84671635,0.618965045,0.7924070692,35.44569877,0.2308166604,100
155,5145,1.539532502,6.265439773,0.291116583,31.18860852,0.3461249512,1.346435083,47.22528567,11.79745692,100
156,5147,1.762128467,3.1721123,0.03009683099,0.9337629646,5.86E-05,0.03220478024,72.55022628,21.51940982,1.00E+02
157,5149,1.670489586,3.615067426,0.1193574554,64.46957267,2.705950443,1.72524105,21.27257992,4.421741442,100
158,6001,12.39159717,30.08547538,0.3188468246,16.18828333,13.88578345,23.49389619,1.493889405,2.142228246,100
159,6003,0.6528307702,0.6494683112,0.3839741464,40.86200375,52.43465388,3.571305148,0.1057773585,1.339986644,100
160,6005,1.500600309,3.433089683,0.08745882937,42.49947099,30.20860167,20.84257181,1.311422434,0.1167842751,100
161,6007,2.008149955,5.488866022,0.1655298122,36.99667803,14.12205415,13.50986676,25.98017901,1.728676252,100
162,6009,1.553059529,3.068012124,0.0763485209,42.86350042,25.49599608,26.6119031,0.2201920966,0.1109881276,100
163,6011,0.667974645,3.338283737,0.2107120664,3.388727474,21.4156456,22.28656481,46.01662424,2.675467429,100
164,6013,11.10983401,31.88558786,0.09043908109,13.45260806,10.6980402,20.20127341,10.45839608,2.1038213,100
165,6015,17.73132967,4.64239643,0.4073995161,61.75608489,9.938759913,3.346487941,1.129106146,1.048435496,100
166,6017,4.196908032,4.713446973,1.116713361,60.86370486,18.86517242,9.865353677,0.005226003271,0.3734746724,100
167,6019,0.8794041789,5.406610556,3.33314631,19.46000239,16.11870612,19.88011622,34.46538461,0.4566296149,100
168,6021,0.6816958147,4.012296004,0.5714962759,13.43270515,21.44980023,24.66784171,33.11952246,2.064642357,100
169,6023,11.67382696,5.170445872,0.5708004043,63.63542439,9.933409633,6.496028367,1.573715406,0.9463489636,100
170,6025,6.473882943,3.131742525,33.88045904,0.00297510517,33.63681724,4.699970689,17.32731388,0.8468385721,100
171,6027,0.1179780352,0.5518036626,14.8449423,3.2167505,76.39360831,3.883147107,0.3077778103,0.6839922708,100
172,6029,0.2127368054,6.241045316,2.179309963,5.45976878,39.29846461,25.41159424,20.75983153,0.437248758,100
173,6031,0.7628693843,6.189134155,0.5623583943,0.01643287433,1.555263083,16.68814494,73.89963329,0.3261638789,100
174,6033,5.111312263,6.007564675,0.2898826188,27.87765873,41.76837013,17.53154102,0.843669904,0.5700006605,100
175,6035,0.9315576091,1.067673394,1.148960873,27.88325723,47.77220834,15.56168889,3.117499823,2.517153848,100
176,6037,13.63361722,28.27024444,1.028243847,4.517880844,44.14671137,6.093150063,1.919245092,0.3909071251,100
177,6039,0.6388829324,3.408685522,1.616022738,30.54747256,16.54255128,20.18911789,26.80678849,0.2504785922,100
178,6041,36.71113021,8.789901521,0.07455150893,19.80921399,21.56429835,9.627740591,0.6994164213,2.7237474,100
179,6043,0.5276361823,1.336649777,0.5575917177,47.0720665,26.80806282,23.52732497,0.01936759796,0.1513004367,100
180,6045,9.422356907,4.533775623,0.1081288534,56.21346519,22.77947751,5.31922807,1.061146885,0.5624209651,100
181,6047,1.547013611,5.532003358,0.430396812,1.403973825,2.322935329,33.83449173,46.34482073,8.5843646,100
182,6049,2.395270606,0.909811368,2.791415643,25.19637536,45.58195091,14.4976101,5.21932463,3.408241389,100
183,6051,2.697538299,0.8512624052,5.345511473,18.42292684,64.64503327,5.611780967,0.802575031,1.623371717,100
184,6053,12.16249165,4.186477265,0.2175941439,15.29704327,29.1022425,28.09110129,9.738511211,1.20453868,100
185,6055,4.759793444,6.406684622,0.05426402758,26.13280569,39.16278988,14.77843292,6.508683347,2.196546073,100
186,6057,1.417773765,5.24477396,0.02254429369,68.60154131,20.26817075,4.194550165,0,0.2506457558,100
187,6059,15.95153248,50.42612996,0.1703410593,1.844024235,26.25640859,3.537414765,0.7719515162,1.042197403,100
188,6061,6.229254365,8.823183995,0.07879067935,51.32629039,15.12501974,12.93578769,5.185882515,0.2957906289,100
189,6063,2.13692174,1.463822846,0.007607590886,64.78551249,24.35462492,4.595530195,0.7792992664,1.876680952,100
190,6065,1.239683203,9.464123105,6.897078459,2.245605415,63.72156342,10.89142688,5.033818205,0.5067013199,100
191,6067,3.09511057,31.9910242,0.5819216753,0.1202141029,2.757992978,27.37629395,31.63027687,2.447165657,100
192,6069,0.09428509158,2.007467,0.08109365719,12.26147568,34.55494993,45.09171413,5.117154401,0.7918601119,100
193,6071,0.1313071688,3.737296081,11.51941414,1.38692107,78.24289338,4.677491325,0.1759631751,0.1287136601,100
194,6073,6.339099282,16.97674626,11.44218635,3.265992033,48.61435185,11.14131409,0.9128961586,1.30741398,100
195,6075,78.82435176,19.33211576,0.3003221272,0.6706987979,0.2302675836,0.4521842945,0.1316035686,0.0584561092,100
196,6077,2.310493097,13.385806,0.1375670954,0.5761650728,1.834478032,16.27863581,64.56773582,0.909119072,100
197,6079,8.227746219,5.357626745,0.4642604589,11.54484813,25.35891492,43.58712284,4.405847689,1.053632997,100
198,6081,39.68858484,17.93753394,0.2293516627,29.19664969,6.573809044,4.353504735,0.4836706028,1.536895488,100
199,6083,26.84219151,4.206495345,0.1358465972,10.90149964,39.60097724,13.84321633,3.713072435,0.7567009107,100
200,6085,1.907702122,24.51324686,0.1047566674,31.10811645,23.95092652,14.91526391,2.683749542,0.8162379235,100
201,6087,25.83995428,12.30441445,0.1853556301,47.45214254,5.735591759,4.434161077,3.520423895,0.5279563585,100
202,6089,1.600688761,3.59695216,0.3125792428,54.39881927,25.41899391,11.6928892,2.243930193,0.7351472671,100
203,6091,0.6223581309,1.467828508,0.02453728782,64.9367939,27.51284052,3.020218508,0.2378924385,2.17753071,100
204,6093,0.5695514729,3.379371576,1.218677063,55.12851083,22.71232484,10.32025955,5.552297735,1.119006924,100
205,6095,10.6341898,12.4953631,0.2723387261,2.555230002,7.341202945,23.67599679,32.61102642,10.41465222,100
206,6097,10.46326311,9.3082603,0.1188550773,35.9099442,18.84734003,17.33681544,6.144730716,1.870791124,100
207,6099,1.176906368,8.995656442,0.2806953648,3.989792143,11.19909666,30.24708688,42.9819146,1.128851543,100
208,6101,1.150109005,7.657783915,0.02671618676,0.3937783253,3.655950317,5.735246014,78.39362648,2.986789759,100
209,6103,0.3496778166,3.027203443,0.2557511472,23.75785468,39.63440471,26.65269784,5.086004281,1.236406076,100
210,6105,0.719778036,4.429086307,0.5756337355,62.28200642,23.48789733,8.391091726,0.001214577314,0.1132918678,100
211,6107,0.2676952664,3.744723173,3.8768859,24.46485556,26.3258108,15.64728661,25.18654136,0.486201339,100
212,6109,1.723573155,1.380739075,2.116275399,46.14749742,32.05538343,16.12916816,0.01163132545,0.4357320423,100
213,6111,15.52843962,10.03292179,0.5447452071,13.74436499,44.16643714,9.248164769,5.798698152,0.9362283296,100
214,6113,1.174844978,6.552445438,0.3683124327,2.210693827,15.44717362,15.43966401,57.79088319,1.015982507,100
215,6115,2.258025723,5.473006532,1.877670455,33.80275994,10.66235098,17.94410778,27.54008345,0.4419951475,100
216,8001,0.7993442429,12.78572695,0.03429432268,0.02241980268,0.5604064512,26.09337154,58.67557748,1.028859219,100
217,8003,0.6028872917,2.701089591,0.5824610743,5.607503713,58.50170074,3.124824953,19.76311382,9.116418816,100
218,8005,0.5546497585,19.03709455,0.03558488613,0.02523291925,1.36783989,44.20182022,33.1576087,1.620169082,100
219,8007,0.3336885386,0.8200131349,0.9167874109,61.50024404,29.08564025,4.400635792,1.180380402,1.762610427,100
220,8009,0.02920187796,2.350335951,0.005037153774,0.3506403584,14.32881015,48.58281721,34.05755806,0.295599243,100
221,8011,1.134290359,1.082880255,0.01194535518,0.004642911638,9.930354072,78.04529363,7.666326111,2.124267305,100
222,8013,2.071162838,11.53657321,2.028543615,42.82795446,14.12019935,14.64585209,9.550883504,3.218830938,100
223,8014,1.23608895,59.67158813,0.1090666721,0.02524691483,5.804770657,12.16598332,19.46638121,1.520874149,100
224,8015,0.3176023783,1.535472805,4.742656281,44.53382457,35.54535125,9.242280684,1.871777863,2.211034169,100
225,8017,0.006815332829,1.488674509,0.003223205839,0.007456090616,11.39822669,45.69729204,41.19321138,0.2051007427,100
226,8019,0.2835974303,1.895564873,2.515775162,61.06912106,21.9836723,10.10093119,0.01729145583,2.134046525,100
227,8021,0.2598744101,1.393421071,0.5447821019,28.0028346,43.19455229,7.673129667,12.7158082,6.215597664,100
228,8023,0.2473523934,1.129465043,1.700286933,29.55655303,53.61575974,6.186939094,5.752282244,1.811361521,100
229,8025,1.20470283,2.003034505,0.006182205262,0.002960492661,6.959944099,86.52453399,2.309097202,0.9895446719,100
230,8027,0.09662261119,0.7913874267,0.3049021807,40.80359288,30.0145051,22.30699013,3.592834284,2.089165388,100
231,8029,0.512786835,2.158897639,1.058439943,41.96454577,39.48367419,0.91162104,11.92574472,1.98428986,100
232,8031,1.173432273,77.88123282,0.05461423994,0.05151869598,0.3825207899,7.084815694,12.64772931,0.7241361774,100
233,8033,0.09715063069,0.6990058372,1.292139455,63.31991542,22.05906221,3.810121174,8.224753377,0.4978518989,100
234,8035,0.4474590966,13.62321134,0.01508150192,29.55751862,15.76639166,38.48894064,0.1645779199,1.936819221,100
235,8037,0.292699894,2.10484694,1.140323676,56.12227194,35.73139288,2.191044925,1.068543293,1.348876452,100
236,8039,0.04646776564,2.958753907,0.01655144698,2.611229754,4.626532438,78.82097089,9.638490531,1.281003269,100
237,8041,0.1636767851,10.04228848,0.1573080386,12.92651414,12.37360896,62.45547185,0.7168759045,1.164255851,100
238,8043,0.1184876038,2.157562888,0.06964123087,47.96593634,29.81964486,18.49250206,0.4702087015,0.906016313,100
239,8045,0.3127732594,1.32819243,0.491468823,55.54801899,36.71417178,1.747751356,2.727032767,1.130590591,100
240,8047,0.2432764251,3.827745767,0.5178701512,76.77436339,14.42865215,2.664920765,0,1.543171353,100
241,8049,1.350522981,1.288534632,0.9185597103,51.53907631,34.40623392,4.417968689,1.771146239,4.307957524,100
242,8051,0.6207387625,0.6939246749,1.579768066,55.83788075,34.78282395,2.75455421,1.545921977,2.184387616,100
243,8053,0.5115078414,0.2840883551,9.104281569,51.54904725,3.179997749,31.27678247,0.4260705317,3.668224234,100
244,8055,0.10709919,0.722237476,0.4359703117,27.54775812,29.66414026,39.74781164,0.5030628142,1.271920194,100
245,8057,0.6425347897,0.5163509709,0.3640801453,34.98400748,42.8174311,5.620622777,6.33901386,8.715958871,100
246,8059,1.104370034,19.66758891,0.09869390446,45.26490616,16.4468674,16.06309255,0.100974552,1.253506496,100
247,8061,0.4899498223,1.592629675,0.05144629269,0.0002146848329,11.02779388,44.68834593,41.03753276,1.112086951,100
248,8063,0.03143034082,2.774964866,0.01065353577,0.02681862926,2.354302855,37.1901436,57.47221002,0.1394761546,100
249,8065,2.003619019,1.275731517,5.76865138,42.81132822,22.80326982,18.28702779,9.07E-05,7.050281499,1.00E+02
250,8067,0.5946638649,2.012377882,1.449291082,53.1485792,26.08365814,8.738067533,7.017475644,0.9558866566,100
251,8069,1.446562305,4.933272093,0.4889503986,43.24850582,22.54075971,20.25416614,4.701683437,2.386100093,100
252,8071,0.04928242096,0.4504289249,0.0919257593,18.16228296,24.20616817,55.9101077,0.5860996725,0.5437043878,100
253,8073,0.02749713941,1.710131231,0.003951201851,0.009904883551,5.734927576,68.16004625,23.82960429,0.5239374291,100
254,8075,0.5209429059,2.934396646,0.124797477,0.09591265682,0.06379123143,57.70274415,36.4447773,2.112637626,100
255,8077,0.4244775355,2.575204412,0.2392949944,50.2316282,37.15951834,3.90347373,4.131490985,1.334911803,100
256,8079,0.2089904892,0.4026268999,4.024160796,53.71286282,1.794955429,36.13789235,0.07191754939,3.646593662,100
257,8081,0.3284626164,0.7159165004,0.4078037836,17.00918302,71.98283986,7.977307152,1.298122879,0.2803641856,100
258,8083,0.4054106381,1.371290317,0.456224958,39.65194908,43.04985102,6.214530178,8.255238019,0.5955057859,100
259,8085,0.1297127883,1.805112882,0.2559428347,53.40951922,35.1486055,0.7879819709,7.772148807,0.690975999,100
260,8087,0.9249873527,2.892530444,0.08915379418,0.06759512662,0.7138998773,61.56992092,31.82522643,1.916686061,100
261,8089,0.4946709363,2.167883224,0.01670053469,0.03977364183,7.045840221,80.25716626,7.91965175,2.058313433,100
262,8091,0.3292560058,1.125588656,6.93733554,70.38542962,11.62516121,6.305759158,2.813875441,0.4775943661,100
263,8093,0.5883529577,1.030726322,0.7771372966,38.4890774,18.32440965,36.17453894,0.08372243403,4.532034996,100
264,8095,0.02544310891,3.496660592,0.01312541332,0.03306594511,0.003634729844,15.04394489,81.37796647,0.006158847791,100
265,8097,0.5625208033,1.304996725,4.311299449,61.33735142,26.00963483,3.650211343,0.857471108,1.966514318,100
266,8099,0.167209106,2.005540066,0.02549433194,0.02547326224,16.20423952,42.52370288,37.65230493,1.396035905,100
267,8101,0.503389229,4.11023317,0.02760516911,4.797830477,12.09087599,75.21646113,1.855015279,1.398589561,100
268,8103,0.1396768957,0.7525194795,0.2050470577,53.82045955,41.67040635,1.31471791,1.56248221,0.5346905465,100
269,8105,0.1511529903,1.895408088,0.7031401862,35.13207174,29.29740592,9.051612369,16.93692551,6.832283193,100
270,8107,0.355396505,0.8638337943,0.1841306355,55.48338624,34.56254509,2.731031226,3.585730448,2.233946064,100
271,8109,0.06586834943,0.5670529606,0.8334850099,37.00075358,43.71717746,8.165176913,4.714523549,4.935962179,100
272,8111,0.2094298893,0.6724648879,20.19353039,40.99335226,0.1597104109,35.33042886,0,2.441083312,100
273,8113,0.1377711038,0.8651777474,2.738800104,54.05409119,34.72629241,5.092277544,1.946872186,0.4387177212,100
274,8115,0.5109164421,2.975411355,0.05510255338,0.0786998581,0.002530542061,33.37354786,60.37063584,2.633155542,100
275,8117,1.755879911,4.515447259,4.473121406,49.6058999,27.99639923,8.074397332,0.4894590734,3.089395892,100
276,8119,0.281608043,2.262641536,0.5940422649,57.46417002,19.58670501,17.97353059,0.2055078597,1.631794681,100
277,8121,0.1852512756,2.272855672,0.02554714854,0.02105503936,0.3439081625,47.15471733,49.82005382,0.1766115442,100
278,8123,0.9518260023,4.421718142,0.1715258585,0.03415962725,1.45952487,63.12846394,28.54557958,1.287201983,100
279,8125,0.06751052872,2.439631672,0.06416726188,0.04909323418,0.07289201527,56.98212687,39.6173895,0.7071889182,100
280,9001,24.8778323,32.31233774,0.2001446395,36.59764988,0.1115539715,0.369169611,1.025652394,4.505659471,100
281,9003,2.256743621,39.66137478,0.3425227997,41.46381865,0.3446107875,0.7014711034,6.398244234,8.831214026,100
282,9005,2.796847601,9.648771902,0.1906574544,72.02546846,0.3192915984,0.7796954032,7.294381716,6.944885866,100
283,9007,15.5836788,15.75823413,0.3766053069,56.76954576,0.3922146579,0.7575685544,2.689720965,7.672431826,100
284,9009,29.85104368,29.2298029,0.3360843885,33.3921161,0.1330190887,0.6436733478,1.627796341,4.786464146,100
285,9011,13.94391885,13.68978725,0.415211662,54.48407518,0.5723902855,1.142717742,5.020478065,10.73142097,100
286,9013,1.781029095,13.24403817,0.2051337756,66.83099651,0.5715336152,0.8314811411,7.314961814,9.220825883,100
287,9015,1.745620192,9.700197312,0.5237988453,65.26925052,0.6543007236,0.8497549855,7.611702841,13.64537458,100
288,10001,26.95637517,9.851676186,0.09209691202,4.634907423,0.1517426951,0.03153884817,35.20065615,23.08100662,100
289,10003,13.84091883,34.84222885,0.2107765032,13.59916262,0.5673651292,0.402092311,22.42415874,14.11329702,100
290,10005,21.94395185,11.07891486,0.3831224008,12.38286301,0.5933197778,0.1102397027,34.64894614,18.85864226,100
291,11001,9.131230389,79.13564039,0.5565721643,9.104871781,0.07400686338,0.1875516401,0.8951789091,0.9149478657,100
292,12001,3.988876898,9.70805804,0.1651309832,39.84656206,4.637700613,3.226963043,22.01011889,16.41658947,100
293,12003,0.5870810585,6.543690399,0.1704862807,40.65819986,6.48421028,6.011703021,5.026274772,34.51835432,100
294,12005,25.2227389,11.55881533,1.343404517,17.30200351,6.577701324,5.633199479,0.7404536141,31.62168333,100
295,12007,2.403468718,8.876958452,0.2889047324,38.61960761,7.38091112,3.510704246,14.87591867,24.04352645,100
296,12009,34.49530923,17.54243712,0.334118692,3.881041369,0.7145353234,0.7711621397,8.516500267,33.74489585,100
297,12011,3.339588913,28.94261527,0.07104128767,0.06949078338,0.05793247864,0.1729798973,1.475318932,65.87103244,100
298,12013,1.028715672,5.831923927,0.09005713679,36.05001672,9.589636428,7.586589454,7.870281507,31.95277916,100
299,12015,18.90574263,17.29985225,0.1770116249,3.006437524,3.872174958,0.5261235225,17.7613164,38.45134108,100
300,12017,20.83945153,20.14994138,0.271201309,22.64372993,1.01215397,1.006603594,7.244955701,26.83196259,100
301,12019,6.004919522,15.28331264,1.864384129,40.28490937,10.3165594,4.647569302,5.250460367,16.34788527,100
302,12021,11.97317368,8.379161826,0.113633721,5.069996862,0.2097353822,0.5495945881,6.676166093,67.02853784,100
303,12023,0.4027029288,7.937761875,0.1268849739,38.48819517,7.043379672,5.087512288,17.36128056,23.55228254,100
304,12027,0.8353801693,5.239900017,0.1196653491,1.942352424,3.47728961,0.603586165,60.79851001,26.98331625,100
305,12029,17.4115457,5.865242426,0.2372078218,25.9701264,3.244392152,3.513028903,3.683389811,40.07506679,100
306,12031,15.91416884,34.6454623,0.6400647554,19.52832954,2.910475283,2.14347179,1.776272366,22.44175513,100
307,12033,23.59422381,16.39511369,1.241940494,19.63046027,9.089378589,3.265009169,10.05349287,16.7303811,100
308,12035,14.1784741,10.00381619,0.3212217698,26.87034806,6.04385743,2.545210862,6.821368476,33.21570311,100
309,12037,46.7489199,3.877016708,1.235181131,4.561122734,0.5204897966,0.360279429,0.004012846504,42.69297745,100
310,12039,2.163176766,6.434970436,0.1755919317,46.12124794,4.359852892,6.482817263,10.55381221,23.70853056,100
311,12041,0.6290423739,6.427031477,0.09750695778,27.33516914,8.702520481,6.770706754,35.00215593,15.03586688,100
312,12043,9.52472935,2.580305015,0.05724280377,5.774707721,8.143380334,3.031361358,34.3641511,36.52412232,100
313,12045,24.97708823,5.351804152,0.6687467533,12.57296454,1.531674551,1.365133099,0.2541528606,53.27843581,100
314,12047,3.074616749,6.020271055,1.869455049,34.59636023,7.864840955,8.663233895,12.8263924,25.08482967,100
315,12049,1.800158341,3.624182211,2.113951908,1.883687693,2.070961263,1.654349765,56.19863531,30.65407351,100
316,12051,2.720195779,4.130605066,0.556208307,2.004034237,0.4977229467,0.7629323458,56.1970878,33.13121352,100
317,12053,17.50213999,21.22127888,0.8569422624,27.81800573,1.474786031,1.168498433,11.19044885,18.76789983,100
318,12055,7.129669317,9.864220084,0.1821820553,3.527353352,5.721006037,1.086126363,47.04727634,25.44216645,100
319,12057,18.30472282,32.72691186,1.398572874,4.584462035,1.353538865,1.824684933,16.9109408,22.89616581,100
320,12059,0.9091089302,5.261376782,0.05840782396,31.8713442,9.694636817,2.714229279,18.55103286,30.9398633,100
321,12061,20.91200891,13.84896995,0.2918825522,2.272522213,0.7897633586,0.8207786993,30.62082562,30.44324869,100
322,12063,1.644357136,6.518291336,0.09574248553,29.31156559,7.3660462,3.974005879,29.55194267,21.53804871,100
323,12065,4.481993954,3.670701639,0.0410836243,39.20781813,3.471019928,3.728393537,8.887939498,36.51104969,100
324,12067,0.3907370323,6.537072429,0.1376272529,24.6282351,6.421589903,6.79513146,9.669884949,45.41972188,100
325,12069,12.4917338,14.47937966,0.4878924323,15.46518236,3.026489423,1.41412479,23.21335187,29.42184568,100
326,12071,30.97032854,32.22327062,0.3808792847,1.081515894,1.044825288,0.7901407722,6.381347577,27.12769202,100
327,12073,1.704710909,13.9278972,0.217409822,47.34601541,4.456554683,4.475175661,3.594343977,24.27789234,100
328,12075,19.4684962,5.928821312,0.1657704432,29.32374065,2.316212374,3.275925583,15.63102788,23.89000556,100
329,12077,0.6123754571,3.425944238,0.09548413525,31.37298558,2.803535276,6.199254618,0.8233692757,54.66705142,100
330,12079,0.4436268099,5.244469642,0.06638815787,33.26046709,6.664922942,6.933982505,17.28800235,30.0981405,100
331,12081,17.73321624,17.76945863,0.8068514885,3.513521843,3.079939625,0.8280741561,32.27175782,23.99718019,100
332,12083,2.047806651,15.35765218,0.3230060607,43.33519207,3.892962071,2.870749768,21.80011161,10.3725196,100
333,12085,27.78891168,12.15991601,0.1768896533,2.283207359,0.5666198873,0.779229421,30.11250607,26.13271992,100
334,12086,18.8971116,17.08509809,0.1871655993,0.4808711665,0.4846902754,0.1188313527,4.217071709,58.52916021,100
335,12087,70.10372387,1.073773638,0.01465738297,0.04098970652,0.002746489661,0.03834703605,0.00047190544,28.72528997,100
336,12089,11.30680832,7.99219945,0.4425533633,36.85625161,5.885493582,5.212076243,3.946120846,28.35849658,100
337,12091,13.71546607,11.09280234,1.008662257,39.25780822,11.69991476,6.155593069,5.21457044,11.85518285,100
338,12093,12.47647874,4.472040297,0.05702005329,2.92832856,5.432845733,0.7875626909,45.76289947,28.08282445,100
339,12095,9.452298271,37.73628037,0.4744569558,7.322170394,1.85581388,1.129797568,11.55743449,30.47174807,100
340,12097,9.653117171,8.890413552,0.09818899197,5.860628017,7.749327594,0.7844720429,32.39991783,34.56393481,100
341,12099,17.19273057,19.40241452,0.2909184655,0.2604726513,0.03506731744,0.3182340601,31.76533453,30.73482789,100
342,12101,13.38870461,24.86199366,0.1625140216,15.10006364,1.00855117,1.67945887,18.94351021,24.85520382,100
343,12103,52.09198337,38.42891104,0.5507910327,1.642609758,0.2912826083,0.1153691727,0.2034125473,6.675640466,100
344,12105,9.040755071,16.25537466,1.939773439,6.725193926,5.240680487,5.908171759,24.50976684,30.38028382,100
345,12107,10.77088284,11.76599391,0.3823478212,36.66495383,6.532212227,3.155135059,8.184298781,22.54417554,100
346,12109,26.30103598,12.47357249,0.7276989851,23.45267338,3.732863042,1.435502096,5.603370893,26.27328314,100
347,12111,17.58327677,20.58386354,0.2299590673,2.03005843,0.5036356276,0.4460195096,42.04521046,16.57797659,100
348,12113,13.68345774,9.554794208,0.5304552067,30.6509524,12.54891064,5.641353701,9.467102024,17.92297409,100
349,12115,21.64258051,29.02132339,0.1818046488,6.97993474,1.514270416,0.5778276121,11.47751092,28.60474776,100
350,12117,10.05501268,40.25756163,0.09402601486,6.182135853,0.7738987763,0.4930147128,6.171091528,35.9732588,100
351,12119,1.869627171,11.62783555,0.279143214,18.56082552,0.546723214,1.202754936,28.08415611,37.82893429,100
352,12121,0.6011314706,6.553770999,0.2271589147,33.3345903,9.451278988,9.424229078,34.80579371,5.602046542,100
353,12123,14.83930591,6.212322185,0.2274636068,24.26265272,7.799079566,5.827832029,0.6175264938,40.21381749,100
354,12125,1.290021433,7.400907487,0.1317635713,36.19433164,10.38885673,4.352262899,15.28583584,24.9560204,100
355,12127,22.1935809,16.41769554,0.4973990529,21.61256043,2.666423764,1.103642153,4.576606386,30.93209177,100
356,12129,16.52247374,4.833801664,0.3044862233,32.81523321,1.803666526,2.542720412,0.3202077515,40.85741047,100
357,12131,14.54598736,6.399487683,0.6499129811,34.60417165,11.12182482,6.198831948,6.579375311,19.90040825,100
